[0.88778935975693551 , 0.88892654514141622] , [-0.054075059139906442 , -0.053954917323446143]
[0.8879120671023234 , 0.88904925248259148] , [-0.054018838743578899 , -0.0538986966533107]
[0.88803460247047239 , 0.88917178784652351] , [-0.053962622472468559 , -0.053842480108124292]
[0.88815696591336613 , 0.88929415128522216] , [-0.053906410327243505 , -0.053786267688552297]
[0.88827915748301178 , 0.88941634285067128] , [-0.053850202308568837 , -0.053730059395262132]
[0.88840117723139811 , 0.88953836259486807] , [-0.053793998417111598 , -0.053673855228920014]
[0.88852302521050952 , 0.88966021056981048] , [-0.053737798653538803 , -0.053617655190191467]
[0.8886447014723472 , 0.8897818868274755] , [-0.053681603018515593 , -0.053561459279744227]
[0.88876620606888779 , 0.88990339141985952] , [-0.053625411512709685 , -0.053505267498243872]
[0.88888753905212392 , 0.89002472439893965] , [-0.053569224136786629 , -0.053449079846357564]
[0.8890087004740298 , 0.89014588581670751] , [-0.053513040891413635 , -0.053392896324750659]
[0.88912969038659395 , 0.89026687572513452] , [-0.053456861777256712 , -0.053336716934090977]
[0.88925050884178913 , 0.89038769417620611] , [-0.053400686794982631 , -0.053280541675043924]
[0.88937115589159421 , 0.89050834122189537] , [-0.053344515945257798 , -0.053224370548276487]
[0.88949163158798639 , 0.89062881691417373] , [-0.053288349228748373 , -0.053168203554455416]
[0.88961193598292765 , 0.89074912130502426] , [-0.053232186646121796 , -0.053112040694245924]
[0.8897320691284053 , 0.89086925444639886] , [-0.053176028198042839 , -0.053055881968316482]
[0.88985203107637034 , 0.89098921639028195] , [-0.053119873885180038 , -0.052999727377332113]
[0.88997182187879376 , 0.89110900718863717] , [-0.053063723708198778 , -0.052943576921958918]
[0.89009144158764775 , 0.89122862689341642] , [-0.053007577667765308 , -0.052887430602865285]
[0.89021089025487743 , 0.89134807555659967] , [-0.052951435764547597 , -0.052831288420715515]
[0.89033016793246289 , 0.8914673532301256] , [-0.052895297999210028 , -0.052775150376178324]
[0.8904492746723448 , 0.89158645996596786] , [-0.052839164372420977 , -0.052719016469918584]
[0.89056821052648139 , 0.89170539581607999] , [-0.05278303488484648 , -0.052662886702602767]
[0.89068697554683862 , 0.8918241608324019] , [-0.052726909537151874 , -0.052606761074899061]
[0.89080556978534808 , 0.89194275506690412] , [-0.052670788330005797 , -0.052550639587471859]
[0.89092399329397642 , 0.89206117857151879] , [-0.052614671264072765 , -0.052494522240989362]
[0.8910422461246591 , 0.89217943139820255] , [-0.052558558340020788 , -0.052438409036117295]
[0.89116032832934156 , 0.89229751359890075] , [-0.052502449558516254 , -0.052382299973522041]
[0.89127823995997624 , 0.8924154252255474] , [-0.052446344920224403 , -0.05232619505387081]
[0.89139598106849061 , 0.8925331663300935] , [-0.052390244425813609 , -0.052270094277829429]
[0.89151355170683322 , 0.8926507369644695] , [-0.052334148075949133 , -0.052213997646065061]
[0.89163095192693442 , 0.89276813718061754] , [-0.052278055871298093 , -0.05215790515924356]
[0.89174818178073556 , 0.89288536703046317] , [-0.052221967812526679 , -0.052101816818032796]
[0.89186524132015776 , 0.8930024265659503] , [-0.052165883900302308 , -0.052045732623097724]
[0.89198213059713882 , 0.89311931583900195] , [-0.052109804135290767 , -0.051989652575105662]
[0.89209884966360764 , 0.89323603490154335] , [-0.052053728518158759 , -0.05193357667472373]
[0.8922153985714818 , 0.89335258380551019] , [-0.051997657049573362 , -0.051877504922617057]
[0.89233177737269764 , 0.89346896260281194] , [-0.051941589730200098 , -0.051821437319453968]
[0.89244798611916254 , 0.8935851713453844] , [-0.051885526560707058 , -0.051765373865899564]
[0.8925640248628034 , 0.89370121008514003] , [-0.05182946754175987 , -0.051709314562620991]
[0.89267989365554212 , 0.8938170788739902] , [-0.051773412674024979 , -0.051653259410285708]
[0.89279559254927865 , 0.8939327777638667] , [-0.051717361958170199 , -0.051597208409558275]
[0.89291112159594654 , 0.89404830680666125] , [-0.05166131539486022 , -0.051541161561107642]
[0.8930264808474413 , 0.89416366605429964] , [-0.051605272984763285 , -0.051485118865598901]
[0.8931416703556716 , 0.8942788555586918] , [-0.051549234728545848 , -0.051429080323698396]
[0.89325669017255549 , 0.89439387537173132] , [-0.051493200626873618 , -0.051373045936074363]
[0.89337154034998323 , 0.89450872554533789] , [-0.051437170680414493 , -0.051317015703391568]
[0.89348622093987284 , 0.89462340613139846] , [-0.051381144889833481 , -0.051260989626318282]
[0.89360073199411161 , 0.8947379171818246] , [-0.051325123255798862 , -0.051204967705520181]
[0.89371507356459778 , 0.89485225874851637] , [-0.051269105778976871 , -0.051148949941663371]
[0.89382924570324029 , 0.89496643088335526] , [-0.051213092460032965 , -0.05109293633541611]
[0.89394324846191842 , 0.89508043363824974] , [-0.05115708329963542 , -0.051036926887443594]
[0.89405708189253419 , 0.89519426706508154] , [-0.05110107829844962 , -0.05098092159841338]
[0.89417074604696656 , 0.89530793121575036] , [-0.051045077457143595 , -0.050924920468991185]
[0.8942842409771149 , 0.89542142614213227] , [-0.050989080776382485 , -0.05086892349984469]
[0.89439756673485649 , 0.89553475189611886] , [-0.050933088256834055 , -0.050812930691640099]
[0.89451072337207271 , 0.89564790852959708] , [-0.050877099899164967 , -0.050756942045043468]
[0.89462371094065485 , 0.8957608960944361] , [-0.05082111570404093 , -0.050700957560722799]
[0.89473652949246885 , 0.89587371464252852] , [-0.050765135672129924 , -0.050644977239343289]
[0.89484917907940453 , 0.89598636422573696] , [-0.050709159804097369 , -0.050589001081573187]
[0.89496165975332331 , 0.89609884489594949] , [-0.050653188100611347 , -0.050533029088077705]
[0.89507397156610513 , 0.89621115670503237] , [-0.05059722056233746 , -0.050477061259523941]
[0.89518611456962405 , 0.89632329970484936] , [-0.05054125718994245 , -0.050421097596579666]
[0.89529808881573558 , 0.89643527394728317] , [-0.050485297984094006 , -0.050365138099909647]
[0.89540989435632001 , 0.89654707948418422] , [-0.050429342945457555 , -0.050309182770182544]
[0.89552153124323064 , 0.896658716367428] , [-0.050373392074700887 , -0.050253231608063706]
[0.89563299952833109 , 0.89677018464887281] , [-0.050317445372490541 , -0.050197284614220197]
[0.89574429926348798 , 0.89688148438037218] , [-0.050261502839492295 , -0.050141341789319262]
[0.89585543050054728 , 0.8969926156137944] , [-0.050205564476374281 , -0.050085403134026582]
[0.89596639329137651 , 0.89710357840098243] , [-0.050149630283801976 , -0.0500294686490102]
[0.89607718768781663 , 0.89721437279380101] , [-0.050093700262443294 , -0.049973538334935542]
[0.89618781374172896 , 0.89732499884409112] , [-0.050037774412963851 , -0.049917612192470331]
[0.89629827150495467 , 0.89743545660370883] , [-0.049981852736031354 , -0.049861690222280673]
[0.89640856102934063 , 0.89754574612450044] , [-0.049925935232312389 , -0.049805772425033208]
[0.89651868236674082 , 0.89765586745830028] , [-0.049870021902472764 , -0.049749858801395819]
[0.89662863556898353 , 0.89776582065696542] , [-0.049814112747180693 , -0.049693949352033674]
[0.89673842068792153 , 0.89787560577232306] , [-0.049758207767101645 , -0.049638044077614872]
[0.89684803777538524 , 0.8979852228562184] , [-0.049702306962903259 , -0.049582142978805491]
[0.89695748688320831 , 0.89809467196048909] , [-0.049646410335252439 , -0.049526246056272011]
[0.89706676806323593 , 0.89820395313695855] , [-0.04959051788481468 , -0.049470353310682211]
[0.89717588136728299 , 0.89831306643747244] , [-0.049534629612258754 , -0.049414464742701565]
[0.89728482684719424 , 0.89842201191384707] , [-0.049478745518249642 , -0.04935858035299806]
[0.89739360455479045 , 0.89853078961791355] , [-0.049422865603454894 , -0.04930270014223815]
[0.89750221454188994 , 0.8986393996015053] , [-0.049366989868542002 , -0.049246824111087703]
[0.89761065686032859 , 0.89874784191643131] , [-0.049311118314176422 , -0.049190952260214971]
[0.89771893156191551 , 0.89885611661452358] , [-0.049255250941026091 , -0.049135084590285476]
[0.89782703869847869 , 0.89896422374759133] , [-0.049199387749756941 , -0.049079221101967135]
[0.89793497832182723 , 0.89907216336745766] , [-0.049143528741036488 , -0.049023361795925952]
[0.89804275048377558 , 0.89917993552593656] , [-0.049087673915531545 , -0.048967506672828738]
[0.89815035523614317 , 0.89928754027483226] , [-0.049031823273908148 , -0.048911655733343176]
[0.89825779263072891 , 0.8993949776659661] , [-0.048975976816834188 , -0.048855808978134713]
[0.89836506271935046 , 0.89950224775113408] , [-0.048920134544975825 , -0.048799966407871827]
[0.89847216555380249 , 0.89960935058215441] , [-0.048864296459000485 , -0.048744128023219382]
[0.8985791011859029 , 0.89971628621081368] , [-0.04880846255957387 , -0.048688293824846449]
[0.89868586966743824 , 0.89982305468892732] , [-0.048752632847364433 , -0.048632463813418354]
[0.89879247105021165 , 0.89992965606829212] , [-0.048696807323038285 , -0.048576637989601837]
[0.89889890538602735 , 0.90003609040069565] , [-0.048640985987261624 , -0.048520816354064925]
[0.89900517272666769 , 0.90014235773794482] , [-0.048585168840702707 , -0.048464998907473203]
[0.89911127312393901 , 0.90024845813181886] , [-0.048529355884026647 , -0.048409185650494617]
[0.93539552744243226 , 0.93653479742336854] , [-0.013544631400307474 , -0.013423612774244722]
[0.93540498600820643 , 0.93654425598820656] , [-0.013489210404270917 , -0.013368191359573241]
[0.93541429887243799 , 0.93655356885150176] , [-0.013433794634551318 , -0.013312775170893387]
[0.93542346609275351 , 0.93656273607089235] , [-0.013378384091855123 , -0.013257364208910391]
[0.93543248772678567 , 0.93657175770400181] , [-0.013322978776887691 , -0.013201958474330571]
[0.93544136383215493 , 0.93658063380845991] , [-0.013267578690354911 , -0.013146557967858749]
[0.93545009446647831 , 0.93658936444189023] , [-0.013212183832963123 , -0.013091162690200601]
[0.9354586796873845 , 0.93659794966189824] , [-0.013156794205416779 , -0.013035772642063001]
[0.93546711955247541 , 0.93660638952610775] , [-0.013101409808422986 , -0.012980387824150712]
[0.93547541411936863 , 0.93661468409211945] , [-0.01304603064268651 , -0.01292500823717028]
[0.93548356344565775 , 0.93662283341755015] , [-0.012990656708914385 , -0.012869633881826225]
[0.93549156758896201 , 0.936630837559983] , [-0.012935288007810708 , -0.012814264758826516]
[0.93549942660686192 , 0.93663869657703325] , [-0.012879924540083139 , -0.012758900868875017]
[0.93550714055695505 , 0.93664641052628972] , [-0.0128245663064368 , -0.012703542212677851]
[0.93551470949684112 , 0.93665397946533258] , [-0.012769213307577066 , -0.012648188790942361]
[0.93552213348408819 , 0.93666140345176496] , [-0.012713865544211432 , -0.012592840604372303]
[0.93552941257630007 , 0.93666868254314695] , [-0.012658523017043575 , -0.012537497653676021]
[0.93553654683103737 , 0.93667581679707435] , [-0.012603185726781253 , -0.012482159939557556]
[0.93554353630587539 , 0.93668280627112011] , [-0.012547853674130319 , -0.012426827462722881]
[0.93555038105839849 , 0.9366896510228403] , [-0.01249252685979536 , -0.012371500223879667]
[0.93555708114615477 , 0.93669635110981975] , [-0.012437205284484271 , -0.012316178223731782]
[0.93556363662672237 , 0.9367029065896052] , [-0.012381888948901354 , -0.012260861462986938]
[0.93557004755765227 , 0.93670931751976305] , [-0.012326577853753675 , -0.012205549942350458]
[0.93557631399649377 , 0.93671558395785326] , [-0.012271271999747717 , -0.012150243662527758]
[0.93558243600081159 , 0.93672170596141302] , [-0.012215971387587879 , -0.012094942624226078]
[0.93558841362813971 , 0.93672768358800196] , [-0.012160676017982177 , -0.012039646828150695]
[0.93559424693602944 , 0.93673351689515472] , [-0.012105385891635392 , -0.011984356275008164]
[0.93559993598201752 , 0.93673920594041327] , [-0.012050101009254034 , -0.011929070965504406]
[0.93560548082363504 , 0.93674475078131647] , [-0.011994821371544867 , -0.011873790900345307]
[0.93561088151842031 , 0.93675015147538954] , [-0.011939546979213152 , -0.01181851608023751]
[0.93561613812389532 , 0.936755408080164] , [-0.011884277832965607 , -0.011763246505886787]
[0.93562125069758917 , 0.9367605206531594] , [-0.011829013933508131 , -0.01170798217799991]
[0.93562621929701206 , 0.93676548925190417] , [-0.011773755281547544 , -0.011652723097281815]
[0.93563104397969332 , 0.93677031393389998] , [-0.011718501877789106 , -0.011597469264440602]
[0.93563572480313073 , 0.93677499475667314] , [-0.011663253722940281 , -0.011542220680180772]
[0.93564026182483928 , 0.93677953177772488] , [-0.01160801081770659 , -0.011486977345209251]
[0.93564465510232808 , 0.93678392505455321] , [-0.011552773162794048 , -0.011431739260233191]
[0.93564890469308304 , 0.93678817464467345] , [-0.011497540758910246 , -0.011376506425957063]
[0.93565301065461726 , 0.93679228060556441] , [-0.011442313606759643 , -0.011321278843088919]
[0.9356569730444112 , 0.93679624299472986] , [-0.011387091707050273 , -0.011266056512334364]
[0.93566079191995244 , 0.93680006186965981] , [-0.011331875060488094 , -0.011210839434398953]
[0.9356644673387372 , 0.93680373728782618] , [-0.011276663667778753 , -0.011155627609991031]
[0.9356679993582292 , 0.93680726930672675] , [-0.011221457529630002 , -0.011100421039814616]
[0.93567138803592453 , 0.93681065798381868] , [-0.011166256646746385 , -0.011045219724578396]
[0.93567463342928192 , 0.93681390337658865] , [-0.011111061019835987 , -0.010990023664987447]
[0.9356777355957685 , 0.93681700554250735] , [-0.01105587064960529 , -0.010934832861747885]
[0.93568069459286329 , 0.93681996453902483] , [-0.011000685536759217 , -0.0108796473155677]
[0.93568351047801224 , 0.93682278042361822] , [-0.010945505682006003 , -0.010824467027151728]
[0.93568618330868192 , 0.93682545325373379] , [-0.010890331086051091 , -0.010769291997207612]
[0.93568871314232349 , 0.93682798308682746] , [-0.010835161749601323 , -0.01071412222644161]
[0.93569110003638056 , 0.93683036998035363] , [-0.010779997673363757 , -0.010658957715559659]
[0.93569334404830751 , 0.93683261399174877] , [-0.010724838858043961 , -0.010603798465269184]
[0.93569544523553538 , 0.93683471517846384] , [-0.010669685304349745 , -0.010548644476275841]
[0.93569740365551335 , 0.93683667359792566] , [-0.010614537012986475 , -0.01049349574928741]
[0.93569921936566325 , 0.93683848930757818] , [-0.01055939398466196 , -0.010438352285009269]
[0.93570089242342702 , 0.93684016236483925] , [-0.010504256220081618 , -0.01038321408414941]
[0.93570242288621674 , 0.93684169282714802] , [-0.010449123719953546 , -0.010328081147413003]
[0.93570381081146137 , 0.93684308075191847] , [-0.010393996484983513 , -0.010272953475507407]
[0.93570505625658373 , 0.93684432619656399] , [-0.01033887451587783 , -0.010217831069139899]
[0.93570615927898471 , 0.93684542921851077] , [-0.010283757813344537 , -0.010162713929015828]
[0.93570711993608835 , 0.93684638987515467] , [-0.01022864637808895 , -0.010107602055843467]
[0.93570793828528998 , 0.93684720822391265] , [-0.010173540210818999 , -0.010052495450328431]
[0.93570861438399267 , 0.93684788432218524] , [-0.010118439312241208 , -0.0099973941131775036]
[0.93570914828960372 , 0.93684841822736142] , [-0.010063343683061526 , -0.0099422980450985278]
[0.93570954005950391 , 0.93684880999684872] , [-0.010008253323988109 , -0.0098872072467968281]
[0.93570978975109687 , 0.9368490596880239] , [-0.0099531682357264801 , -0.0098321217189807422]
[0.9357098974217597 , 0.93684916735828228] , [-0.0098980884189844506 , -0.0097770414623561414]
[0.93570986312887272 , 0.93684913306500828] , [-0.0098430138744688214 , -0.0097219664776293322]
[0.93570968692982581 , 0.93684895686556868] , [-0.0097879446028856787 , -0.0096668967655088919]
[0.93570936888197986 , 0.93684863881735159] , [-0.0097328806049432268 , -0.0096118323267000618]
[0.93570890904271842 , 0.936848178977714] , [-0.0096778218813469812 , -0.0095567731619111557]
[0.93570830746939526 , 0.93684757740403568] , [-0.0096227684328052485 , -0.0095017192718477358]
[0.93570756421938472 , 0.93684683415366699] , [-0.0095677202600237144 , -0.0094466706572179995]
[0.93570667935003737 , 0.9368459492839748] , [-0.009512677363710401 , -0.0093916273187281945]
[0.93570565291870866 , 0.93684492285231291] , [-0.0094576397445720658 , -0.0093365892570852465]
[0.93570448498275516 , 0.93684375491602645] , [-0.009402607403315149 , -0.0092815564729967805]
[0.93570317559951399 , 0.93684244553247153] , [-0.0093475803406477334 , -0.0092265289671688462]
[0.93570172482633807 , 0.93684099475898086] , [-0.009292558557275744 , -0.0091715067403095023]
[0.93570013272056252 , 0.93683940265289722] , [-0.0092375420539068404 , -0.0091164897931255793]
[0.93569839933951482 , 0.93683766927156265] , [-0.0091825308312488679 , -0.009061478126323342]
[0.93569652474053977 , 0.93683579467229416] , [-0.0091275248900073193 , -0.0090064717406111647]
[0.93569450898095008 , 0.93683377891243325] , [-0.0090725242308909836 , -0.0089514706366948405]
[0.93569235211808277 , 0.93683162204928871] , [-0.0090175288546055655 , -0.0088964748152830335]
[0.93569005420924578 , 0.93682932414019082] , [-0.0089625387618593004 , -0.0088414842770815402]
[0.93568761531175537 , 0.93682688524245339] , [-0.0089075539533593831 , -0.0087864990227978189]
[0.93568503548293214 , 0.93682430541337813] , [-0.0088525744298118964 , -0.0087315190531399439]
[0.93568231478007058 , 0.93682158471028443] , [-0.0087976001919254174 , -0.0086765443688138176]
[0.93567945326048474 , 0.93681872319046522] , [-0.0087426312404063813 , -0.0086215749705280779]
[0.93567645098146568 , 0.93681572091122767] , [-0.0086876675759625446 , -0.0085666108589888042]
[0.93567330800031112 , 0.93681257792986417] , [-0.0086327091993010363 , -0.0085116520349036006]
[0.93567002437431712 , 0.93680929430366155] , [-0.0085777561111288515 , -0.008456698498980458]
[0.93566660016076109 , 0.93680587008991678] , [-0.0085228083121542137 , -0.0084017502519254956]
[0.93566303541693829 , 0.93680230534590125] , [-0.0084678658030831102 , -0.008346807294447256]
[0.93565933020011616 , 0.93679860012890659] , [-0.0084129285846244028 , -0.0082918696272519087]
[0.93565548456758296 , 0.93679475449619476] , [-0.0083579966574838481 , -0.008236937251048097]
[0.93565149857659824 , 0.93679076850504928] , [-0.0083030700223704762 , -0.0081820101665422019]
[0.93564737228442996 , 0.93678664221273678] , [-0.008248148679991324 , -0.0081270883744414078]
[0.93564310574835596 , 0.93678237567650657] , [-0.0081932326310524238 , -0.0080721718754547499]
[0.93563869902561614 , 0.93677796895363774] , [-0.008138321876263491 , -0.0080172606702877576]
[0.93563415217348178 , 0.93677342210136938] , [-0.0080834164163300411 , -0.0079623547596493569]
[0.84836598063239399 , 0.84950812124401331] , [0.053125952443673206 , 0.053252252547574694]
[0.84822817978698051 , 0.84937032040033034] , [0.053176600022243913 , 0.053302904233378148]
[0.84809029651779788 , 0.84923243713286933] , [0.053227240521409591 , 0.053353548839596782]
[0.84795233088547417 , 0.84909447150228734] , [0.053277873940378709 , 0.053404186365442377]
[0.84781428295065453 , 0.84895642356921019] , [0.053328500278362341 , 0.053454816810123838]
[0.8476761527739628 , 0.84881829339426984] , [0.053379119534570189 , 0.053505440172851824]
[0.84753794041601638 , 0.84868008103809023] , [0.053429731708211671 , 0.053556056452836488]
[0.84739964593743711 , 0.84854178656127555] , [0.053480336798497785 , 0.053606665649286865]
[0.84726126939882085 , 0.84840341002444231] , [0.053530934804637095 , 0.053657267761413878]
[0.84712281086077534 , 0.84826495148817926] , [0.053581525725840677 , 0.053707862788426465]
[0.84698427038388269 , 0.84812641101308561] , [0.053632109561317282 , 0.053758450729535313]
[0.84684564802873841 , 0.84798778865973556] , [0.053682686310277512 , 0.053809031583948751]
[0.84670694385590584 , 0.84784908448871688] , [0.053733255971929864 , 0.053859605350877894]
[0.84656815792595919 , 0.84771029856059266] , [0.053783818545484689 , 0.053910172029531932]
[0.84642929029946634 , 0.84757143093591913] , [0.053834374030151982 , 0.053960731619119649]
[0.84629034103696832 , 0.84743248167526297] , [0.053884922425139911 , 0.054011284118851935]
[0.84615131019902656 , 0.84729345083915664] , [0.053935463729659426 , 0.054061829527936658]
[0.84601219784616966 , 0.84715433848815058] , [0.053985997942918675 , 0.054112367845584451]
[0.84587300403892951 , 0.84701514468277594] , [0.054036525064127275 , 0.05416289907100473]
[0.84573372883784081 , 0.84687586948354732] , [0.054087045092495491 , 0.054213423203405692]
[0.84559437230340728 , 0.84673651295099539] , [0.054137558027231115 , 0.054263940241998036]
[0.84545493449615217 , 0.84659707514561688] , [0.05418806386754469 , 0.054314450185989495]
[0.84531541547656908 , 0.84645755612792262] , [0.054238562612644543 , 0.054364953034590185]
[0.84517581530514929 , 0.84631795595841131] , [0.0542890542617393 , 0.054415448787009671]
[0.8450361340423943 , 0.84617827469755569] , [0.05433953881403971 , 0.054465937442455488]
[0.84489637174876875 , 0.84603851240585237] , [0.054390016268752797 , 0.054516419000138296]
[0.84475652848475924 , 0.84589866914375988] , [0.054440486625089254 , 0.054566893459265652]
[0.84461660431082164 , 0.84575874497175363] , [0.054490949882256667 , 0.054617360819047278]
[0.84447659928741348 , 0.8456187399502908] , [0.054541406039464176 , 0.05466782107869237]
[0.84433651347499472 , 0.84547865413981305] , [0.054591855095921356 , 0.054718274237408548]
[0.84419634693399537 , 0.84533848760077657] , [0.05464229705083555 , 0.054768720294405937]
[0.84405609972486484 , 0.84519824039360292] , [0.054692731903417106 , 0.054819159248891879]
[0.84391577190801759 , 0.8450579125787343] , [0.054743159652872977 , 0.054869591100076498]
[0.84377536354388827 , 0.84491750421657785] , [0.054793580298413379 , 0.054920015847166867]
[0.8436348746928799 , 0.84477701536755789] , [0.054843993839245542 , 0.054970433489372618]
[0.8434943054153986 , 0.84463644609207911] , [0.054894400274578203 , 0.055020844025902446]
[0.84335365577185273 , 0.84449579645053108] , [0.054944799603620725 , 0.05507124745596359]
[0.84321292582262097 , 0.84435506650331649] , [0.054995191825580235 , 0.055121643778765828]
[0.84307211562809825 , 0.84421425631080904] , [0.05504557693966617 , 0.055172032993516321]
[0.8429312252486526 , 0.84407336593339222] , [0.055095954945086019 , 0.055222415099424216]
[0.84279025474465319 , 0.84393239543143528] , [0.05514632584104804 , 0.055272790095697855]
[0.84264920417646993 , 0.84379134486529073] , [0.055196689626761268 , 0.055323157981544406]
[0.84250807360444535 , 0.84365021429532316] , [0.055247046301432734 , 0.055373518756173343]
[0.84236686308893705 , 0.84350900378187055] , [0.055297395864271487 , 0.055423872418791528]
[0.84222557269027587 , 0.84336771338527872] , [0.055347738314484661 , 0.055474218968607769]
[0.84208420246879323 , 0.84322634316587841] , [0.055398073651280577 , 0.055524558404830358]
[0.8419427524848222 , 0.84308489318398694] , [0.055448401873867827 , 0.055574890726666187]
[0.84180122279866776 , 0.84294336349993226] , [0.055498722981452968 , 0.055625215933324326]
[0.84165961347065144 , 0.84280175417401071] , [0.055549036973245473 , 0.055675534024011493]
[0.84151792456106655 , 0.84266006526653481] , [0.055599343848451652 , 0.055725844997936161]
[0.84137615613020611 , 0.84251829683779766] , [0.055649643606279671 , 0.055776148854306602]
[0.8412343082383672 , 0.84237644894807839] , [0.055699936245937873 , 0.055826445592329056]
[0.84109238094581595 , 0.84223452165766899] , [0.055750221766632649 , 0.055876735211212836]
[0.84095037431284081 , 0.84209251502682536] , [0.055800500167573326 , 0.055927017710163777]
[0.84080828839968846 , 0.84195042911583118] , [0.055850771447965089 , 0.055977293088391077]
[0.84066612326663126 , 0.84180826398492636] , [0.05590103560701775 , 0.056027561345101028]
[0.8405238789739119 , 0.84166601969436983] , [0.055951292643937355 , 0.056077822479501452]
[0.84038155558176797 , 0.84152369630440793] , [0.056001542557930946 , 0.056128076490800434]
[0.84023915315044706 , 0.84138129387526217] , [0.056051785348207282 , 0.056178323378203852]
[0.84009667174016212 , 0.84123881246717425] , [0.056102021013972166 , 0.056228563140920673]
[0.83995411141114573 , 0.84109625214035144] , [0.05615224955443418 , 0.056278795778156775]
[0.83981147222360475 , 0.84095361295501314] , [0.056202470968799545 , 0.056329021289119666]
[0.83966875423773812 , 0.84081089497136918] , [0.056252685256274942 , 0.056379239673017403]
[0.83952595751375569 , 0.8406680982496042] , [0.056302892416068978 , 0.056429450929055755]
[0.83938308211183721 , 0.84052522284991982] , [0.056353092447387225 , 0.056479655056442715]
[0.83924012809217374 , 0.84038226883248957] , [0.056403285349437678 , 0.056529852054384398]
[0.83909709551493228 , 0.84023923625749686] , [0.056453471121426284 , 0.056580041922088521]
[0.83895398444028346 , 0.84009612518510612] , [0.056503649762560317 , 0.056630224658761788]
[0.83881079492839206 , 0.83995293567547291] , [0.056553821272047118 , 0.056680400263610445]
[0.83866752703940151 , 0.83980966778875854] , [0.056603985649092539 , 0.056730568735842458]
[0.83852418083346814 , 0.83966632158509846] , [0.056654142892904089 , 0.05678073007466293]
[0.83838075637071674 , 0.83952289712464179] , [0.056704293002687513 , 0.056830884279280403]
[0.83823725371129343 , 0.83937939446750442] , [0.056754435977650695 , 0.056881031348899373]
[0.83809367291530712 , 0.83923581367382294] , [0.056804571816998724 , 0.056931171282728101]
[0.83795001404287406 , 0.83909215480370958] , [0.05685470051993869 , 0.056981304079973129]
[0.83780627715411538 , 0.83894841791726082] , [0.056904822085677965 , 0.057031429739839247]
[0.8376624623091139 , 0.83880460307459448] , [0.056954936513421067 , 0.05708154826153479]
[0.83751856956797621 , 0.83866071033578804] , [0.057005043802376226 , 0.057131659644264803]
[0.83737459899078182 , 0.83851673976093399] , [0.057055143951748745 , 0.057181763887236094]
[0.83723055063760243 , 0.83837269141011628] , [0.057105236960744203 , 0.057231860989655547]
[0.83708642456852345 , 0.8382285653433893] , [0.057155322828570686 , 0.057281950950727842]
[0.83694222084359293 , 0.83808436162083166] , [0.057205401554432427 , 0.057332033769660666]
[0.83679793952287629 , 0.83794008030248812] , [0.057255473137536816 , 0.057382109445659163]
[0.83665358066641815 , 0.8377957214484103] , [0.057305537577089359 , 0.05743217797792953]
[0.83650914433425261 , 0.83765128511864484] , [0.057355594872295378 , 0.057482239365678596]
[0.83636463058642374 , 0.83750677137321161] , [0.057405645022362339 , 0.057532293608111081]
[0.83622003948294765 , 0.83736218027214782] , [0.057455688026494624 , 0.057582340704433847]
[0.83607537108384888 , 0.83721751187546289] , [0.057505723883899136 , 0.057632380653852032]
[0.83593062544913499 , 0.83707276624317095] , [0.057555752593781116 , 0.057682413455571672]
[0.8357858026388052 , 0.83692794343527821] , [0.057605774155345964 , 0.057732439108798966]
[0.83564090271286173 , 0.83678304351177224] , [0.057655788567800313 , 0.057782457612738945]
[0.83549592573128484 , 0.83663806653264949] , [0.057705795830348725 , 0.057832468966597973]
[0.83535087175406619 , 0.836493012557879] , [0.057755795942197957 , 0.057882473169580312]
[0.83520574084116161 , 0.83634788164744944] , [0.057805788902551836 , 0.057932470220893498]
[0.83506053305255645 , 0.8362026738613072] , [0.057855774710617952 , 0.057982460119740752]
[0.83491524844819265 , 0.83605738925942608] , [0.057905753365599791 , 0.058032442865329152]
[0.83476988708802269 , 0.83591202790175223] , [0.057955724866703417 , 0.058082418456864127]
[0.83462444903200039 , 0.8357665898482195] , [0.058005689213134863 , 0.058132386893549402]
[0.83447893434004428 , 0.83562107515877826] , [0.058055646404097855 , 0.058182348174592412]
[0.83433334307209972 , 0.83547548389333903] , [0.058105596438799464 , 0.058232302299196216]
[0.53732943575197278 , 0.53847476902157176] , [0.13004166273017942 , 0.13017571222605051]
[0.53712765322832368 , 0.53827298649995114] , [0.13007989000879508 , 0.13021394325652791]
[0.53692588501423588 , 0.53807121828788151] , [0.13011810753208264 , 0.13025216453152338]
[0.53672413116161433 , 0.53786946443730344] , [0.13015631529906696 , 0.1302903760500658]
[0.53652239172238347 , 0.5376677250001104] , [0.1301945133087766 , 0.13032857781118021]
[0.53632066674843193 , 0.53746600002820977] , [0.13023270156023672 , 0.130366769813894]
[0.53611895629164008 , 0.53726428957348504] , [0.130270880052474 , 0.13040495205723424]
[0.53591726040389254 , 0.53706259368779474] , [0.13030904878451602 , 0.13044312454022544]
[0.53571557913702816 , 0.53686091242301337] , [0.13034720775538708 , 0.13048128726189609]
[0.53551391254290592 , 0.53665924583096869] , [0.13038535696411518 , 0.1305194402212706]
[0.53531226067334703 , 0.53645759396350201] , [0.13042349640972506 , 0.130557583417376]
[0.53511062358017558 , 0.53625595687242589] , [0.1304616260912432 , 0.13059571684923757]
[0.53490900131519004 , 0.53605433460954743] , [0.13049974600769521 , 0.13063384051588178]
[0.53470739393018318 , 0.53585272722665866] , [0.13053785615810656 , 0.1306719544163342]
[0.53450580147693771 , 0.53565113477553139] , [0.13057595654150367 , 0.13071005854961992]
[0.53430422400721123 , 0.5354495573079382] , [0.130614047156911 , 0.13074815291476513]
[0.53410266157276431 , 0.53524799487562336] , [0.13065212800335479 , 0.13078623751079427]
[0.53390111422532638 , 0.53504644753033281] , [0.13069019907985946 , 0.13082431233673367]
[0.53369958201662526 , 0.53484491532378786] , [0.1307282603854506 , 0.13086237739160819]
[0.53349806499837882 , 0.53464339830769769] , [0.1307663119191535 , 0.13090043267444204]
[0.53329656322227448 , 0.53444189653377017] , [0.13080435367999219 , 0.13093847818426177]
[0.53309507674001422 , 0.53424041005367684] , [0.13084238566699294 , 0.1309765139200901]
[0.53289360560325516 , 0.53403893891910392] , [0.13088040787917893 , 0.13101453988095355]
[0.53269214986365943 , 0.53383748318170732] , [0.13091842031557507 , 0.13105255606587646]
[0.53249070957288402 , 0.53363604289312383] , [0.13095642297520707 , 0.13109056247388201]
[0.53228928478254467 , 0.53343461810500181] , [0.13099441585709728 , 0.13112855910399657]
[0.53208787554427861 , 0.53323320886894388] , [0.13103239896027208 , 0.13116654595524241]
[0.5318864819096818 , 0.5330318152365684] , [0.13107037228375415 , 0.13120452302664476]
[0.53168510393034241 , 0.53283043725947032] , [0.13110833582656731 , 0.13124249031722843]
[0.53148374165785761 , 0.5326290749892153] , [0.13114628958773716 , 0.13128044782601528]
[0.53128239514377618 , 0.53242772847738717] , [0.13118423356628559 , 0.13131839555203129]
[0.53108106443966374 , 0.53222639777552649] , [0.13122216776123766 , 0.13135633349429859]
[0.53087974959705342 , 0.53202508293518203] , [0.13126009217161616 , 0.13139426165184181]
[0.53067845066747821 , 0.53182378400787444] , [0.13129800679644513 , 0.13143218002368376]
[0.53047716770244835 , 0.5316225010451211] , [0.13133591163474759 , 0.1314700886088481]
[0.5302759007534622 , 0.53142123409842601] , [0.13137380668554641 , 0.13150798740635844]
[0.53007464987201347 , 0.531219983219268] , [0.13141169194786576 , 0.13154587641523721]
[0.52987341510956898 , 0.53101874845913044] , [0.13144956742072755 , 0.13158375563450833]
[0.5296721965176 , 0.53081752986946351] , [0.13148743310315592 , 0.13162162506319353]
[0.52947099414754295 , 0.53061632750172694] , [0.13152528899417232 , 0.13165948470031685]
[0.52926980805083612 , 0.53041514140734891] , [0.13156313509280029 , 0.13169733454490073]
[0.52906863827890638 , 0.53021397163774708] , [0.13160097139806259 , 0.13173517459596706]
[0.52886748488315072 , 0.5300128182443391] , [0.13163879790898084 , 0.13177300485253957]
[0.52866634791497802 , 0.52981168127850764] , [0.1316766146245785 , 0.13181082531363891]
[0.52846522742575663 , 0.52961056079164603] , [0.13171442154387664 , 0.13184863597828902]
[0.52826412346685869 , 0.5294094568351172] , [0.13175221866589798 , 0.13188643684551155]
[0.52806303608964711 , 0.52920836946027028] , [0.13179000598966517 , 0.13192422791432759]
[0.52786196534544849 , 0.52900729871846131] , [0.13182778351419855 , 0.13196200918376091]
[0.52766091128560821 , 0.5288062446610009] , [0.13186555123852192 , 0.13199978065283133]
[0.52745987396142713 , 0.52860520733922045] , [0.13190330916165513 , 0.13203754232056222]
[0.52725885342421719 , 0.52840418680441115] , [0.13194105728262095 , 0.13207529418597397]
[0.52705784972526304 , 0.52820318310786651] , [0.13197879560044037 , 0.13211303624808857]
[0.52685686291583511 , 0.52800219630086453] , [0.13201652411413442 , 0.13215076850592805]
[0.52665589304720728 , 0.52780122643465721] , [0.13205424282272557 , 0.13218849095851226]
[0.52645494017061645 , 0.52760027356050654] , [0.13209195172523325 , 0.1322262036048637]
[0.52625400433730751 , 0.52739933772963699] , [0.13212965082067993 , 0.13226390644400235]
[0.52605308559849751 , 0.52719841899327724] , [0.13216734010808584 , 0.13230159947494982]
[0.52585218400539468 , 0.52699751740263678] , [0.13220501958647154 , 0.13233928269672696]
[0.52565129960919998 , 0.52679663300890534] , [0.1322426892548586 , 0.13237695610835387]
[0.52545043246108925 , 0.52659576586327339] , [0.13228034911226655 , 0.13241461970885202]
[0.52524958261224097 , 0.52639491601690092] , [0.13231799915771697 , 0.13245227349724067]
[0.52504875011380325 , 0.52619408352095243] , [0.13235563939022912 , 0.1324899174725411]
[0.52484793501691673 , 0.52599326842657035] , [0.13239326980882349 , 0.13252755163377392]
[0.52464713737272262 , 0.52579247078487368] , [0.13243089041252121 , 0.13256517597995787]
[0.52444635723232136 , 0.52559169064699429] , [0.13246850120034054 , 0.13260279051011478]
[0.52424559464683296 , 0.52539092806401733] , [0.1325061021713034 , 0.13264039522326254]
[0.52404484966733145 , 0.5251901830870489] , [0.13254369332442767 , 0.13267799011842279]
[0.52384412234489797 , 0.52498945576715739] , [0.13258127465873398 , 0.13271557519461469]
[0.52364341273060311 , 0.52478874615540028] , [0.13261884617324238 , 0.13275315045085681]
[0.52344272087548349 , 0.52458805430283983] , [0.13265640786697103 , 0.13279071588617031]
[0.52324204683058884 , 0.52438738026049947] , [0.1326939597389406 , 0.1328282714995728]
[0.52304139064692934 , 0.52418672407941458] , [0.13273150178816906 , 0.13286581729008518]
[0.52284075237552752 , 0.52398608581058148] , [0.13276903401367687 , 0.13290335325672495]
[0.52264013206736981 , 0.52378546550500793] , [0.13280655641448189 , 0.1329408793985124]
[0.52243952977343888 , 0.52358486321367548] , [0.13284406898960316 , 0.13297839571446649]
[0.52223894554471584 , 0.52338427898754458] , [0.13288157173806045 , 0.1330159022036046]
[0.52203837943214215 , 0.52318371287758492] , [0.13291906465887093 , 0.13305339886494727]
[0.52183783148667529 , 0.52298316493472641] , [0.13295654775105478 , 0.13309088569751132]
[0.52163730175923506 , 0.5227826352099092] , [0.13299402101362909 , 0.13312836270031642]
[0.52143679030073775 , 0.52258212375404944] , [0.13303148444561236 , 0.13316582987238093]
[0.52123629716209696 , 0.52238163061803955] , [0.13306893804602399 , 0.13320328721272184]
[0.52103582239418766 , 0.52218115585278424] , [0.13310638181388032 , 0.13324073472035916]
[0.52083536604790148 , 0.52198069950914616] , [0.13314381574820106 , 0.13327817239430892]
[0.52063492817409163 , 0.52178026163799773] , [0.13318123984800292 , 0.13331560023359026]
[0.52043450882360653 , 0.52157984229018928] , [0.13321865411230366 , 0.13335301823722129]
[0.52023410804729453 , 0.5213794415165478] , [0.13325605854012207 , 0.13339042640421808]
[0.52003372589596375 , 0.52117905936790976] , [0.13329345313047408 , 0.13342782473360007]
[0.51983336242043843 , 0.52097869589507162] , [0.13333083788237873 , 0.13346521322438301]
[0.51963301767150616 , 0.52077835114883841] , [0.13336821279485228 , 0.13350259187558525]
[0.51943269169994755 , 0.52057802517999718] , [0.13340557786691154 , 0.1335399606862244]
[0.51923238455654375 , 0.52037771803930399] , [0.13344293309757518 , 0.13357731965531608]
[0.51903209629203872 , 0.52017742977753001] , [0.13348027848585847 , 0.13361466878187897]
[0.51883182695718788 , 0.51997716044540498] , [0.13351761403077994 , 0.13365200806492836]
[0.51863157660270809 , 0.51977691009367233] , [0.13355493973135454 , 0.13368933750348258]
[0.51843134527932899 , 0.51957667877303504] , [0.13359225558660065 , 0.13372665709655671]
[0.51823113303774371 , 0.51937646653420755] , [0.13362956159553338 , 0.13376396684316849]
[0.51803093992864424 , 0.51917627342787487] , [0.13366685775716972 , 0.13380126674233409]
[0.51783076600271238 , 0.51897609950471002] , [0.13370414407052644 , 0.13383855679306922]
[0.51763061131060051 , 0.51877594481538569] , [0.13374142053461843 , 0.13387583699439126]
[0.51743047590297353 , 0.51857580941053671] , [0.13377868714846367 , 0.13391310734531461]
[0.46302895280748224 , 0.47153453127720418] , [0.15922911467883186 , 0.16033138718861259]
[0.464406568696833 , 0.47291214768555112] , [0.15901176666477507 , 0.16011414684165676]
[0.46578726615037347 , 0.47429284565906077] , [0.15879347894450249 , 0.15989596666790881]
[0.46717102923128184 , 0.47567660926092009] , [0.15857425024460792 , 0.15967684539378571]
[0.46855784190058281 , 0.47706342245213629] , [0.15835407929066531 , 0.15945678174468048]
[0.4699476880168495 , 0.47845326909129926] , [0.15813296480722422 , 0.15923577444496637]
[0.47134055133597214 , 0.47984613293429063] , [0.15791090551781287 , 0.15901382221799187]
[0.47273641551086726 , 0.48124199763403097] , [0.15768790014493531 , 0.15879092378608281]
[0.47413526409122508 , 0.48264084674020896] , [0.157463947410072 , 0.15856707787054067]
[0.47553708052323429 , 0.48404266369901949] , [0.15723904603367825 , 0.15834228319164245]
[0.47694184814932949 , 0.48544743185287725] , [0.15701319473518602 , 0.15811653846863852]
[0.47834955020789333 , 0.48685513444018408] , [0.15678639223299928 , 0.15788984241975618]
[0.47976016983302033 , 0.48826575459503102] , [0.15655863724449676 , 0.15766219376219434]
[0.48117369005423405 , 0.48967927534693784] , [0.15632992848603058 , 0.15743359121212533]
[0.48259009379621653 , 0.49109567962059164] , [0.15610026467292479 , 0.15720403348469431]
[0.48400936387854759 , 0.49251495023556474] , [0.15586964451947635 , 0.15697351929401754]
[0.48543148301542166 , 0.49393706990606406] , [0.155638066738952 , 0.15674204735318384]
[0.48685643381540106 , 0.49536202124063011] , [0.15540553004359201 , 0.15650961637425068]
[0.48828419878110974 , 0.49678978674190788] , [0.15517203314460379 , 0.15627622506824826]
[0.48971476030899835 , 0.49822034880633836] , [0.15493757475216663 , 0.15604187214517465]
[0.49114810068905346 , 0.499653689723911] , [0.1547021535754278 , 0.15580655631399723]
[0.49258420210452952 , 0.5010897916778807] , [0.15446576832250347 , 0.15557027628265196]
[0.49402304663168095 , 0.50252863674449855] , [0.1542284177004779 , 0.15533303075804228]
[0.49546461623947807 , 0.50397020689274663] , [0.15399010041540176 , 0.15509481844603989]
[0.49690889278936207 , 0.50541448398403999] , [0.153750815172295 , 0.15485563805148075]
[0.49835585803492649 , 0.5068614497719971] , [0.15351056067514041 , 0.15461548827817015]
[0.49980549362168825 , 0.50831108590212548] , [0.15326933562688849 , 0.15437436782887651]
[0.50125778108678787 , 0.5097633739115679] , [0.15302713872945414 , 0.15413227540533431]
[0.50271270185872607 , 0.51121829522882156] , [0.15278396868371708 , 0.15388920970824138]
[0.50417023725708088 , 0.51267583117346938] , [0.15253982418952022 , 0.15364516943726036]
[0.5056303684922383 , 0.51413596295589969] , [0.15229470394567002 , 0.15340015329101669]
[0.5070930766651236 , 0.51559867167702045] , [0.15204860664993708 , 0.1531541599670973]
[0.50855834276690126 , 0.51706393832801423] , [0.15180153099905147 , 0.15290718816205318]
[0.51002614767872545 , 0.51853174379002787] , [0.15155347568870683 , 0.15265923657139532]
[0.51149647217144834 , 0.52000206883391742] , [0.15130443941355654 , 0.15241030388959606]
[0.51296929690534909 , 0.52147489411995818] , [0.15105442086721532 , 0.15216038881008762]
[0.51444460242984824 , 0.52295020019758065] , [0.15080341874225639 , 0.15190949002526269]
[0.51592236918325129 , 0.52442796750506693] , [0.15055143173021465 , 0.15165760622647095]
[0.51740257749243035 , 0.52590817636931231] , [0.15029845852158058 , 0.1514047361040238]
[0.51888520757258749 , 0.52739080700551] , [0.15004449780580459 , 0.15115087834718829]
[0.52037023952695183 , 0.5288758395168891] , [0.14978954827129398 , 0.15089603164418927]
[0.52185765334650669 , 0.53036325389443384] , [0.14953360860541282 , 0.15064019468220846]
[0.52334742890970765 , 0.53185303001659956] , [0.14927667749448173 , 0.1503833661473839]
[0.52483954598220095 , 0.53334514764903895] , [0.1490187536237764 , 0.1501255447248093]
[0.52633398421655742 , 0.53483958644430352] , [0.1487598356775294 , 0.14986672909853191]
[0.52783072315195867 , 0.53633632594159319] , [0.14849992233892551 , 0.1496069179515559]
[0.52932974221394957 , 0.53783534556644874] , [0.1482390122901045 , 0.14934610996583764]
[0.53083102071414001 , 0.53933662463047749] , [0.1479771042121597 , 0.14908430382228685]
[0.53233453784992246 , 0.54084014233107502] , [0.14771419678513675 , 0.14882149820076621]
[0.53384027270419454 , 0.54234587775113596] , [0.14745028868803389 , 0.14855769178009037]
[0.53534820424506757 , 0.5438538098587794] , [0.14718537859880018 , 0.1482928832380257]
[0.53685831132560247 , 0.54536391750704483] , [0.14691946519433763 , 0.14802707125128797]
[0.53837057268348942 , 0.54687617943364619] , [0.14665254715049567 , 0.14776025449554597]
[0.53988496694080201 , 0.54839057426064697] , [0.14638462314207598 , 0.14749243164541617]
[0.54140147260369209 , 0.54990708049419934] , [0.14611569184282852 , 0.14722360137446452]
[0.54292006806210635 , 0.55142567652425145] , [0.14584575192545185 , 0.14695376235520588]
[0.54444073158950212 , 0.55294634062426673] , [0.14557480206159218 , 0.14668291325910313]
[0.54596344134257413 , 0.55446905095092014] , [0.14530284092184523 , 0.14641105275656491]
[0.54748817536093419 , 0.5559937855438426] , [0.14502986717575109 , 0.14613817951694955]
[0.54901491156686244 , 0.55752052232530958] , [0.14475587949179725 , 0.14586429220855934]
[0.55054362776500121 , 0.55904923909995841] , [0.14448087653741706 , 0.14558938949864256]
[0.5520743016420645 , 0.56057991355451087] , [0.14420485697898835 , 0.14531347005339301]
[0.55360691076656143 , 0.56211252325746974] , [0.14392781948183428 , 0.14503653253794838]
[0.55514143258849769 , 0.56364704565884594] , [0.14364976271022104 , 0.14475857561639047]
[0.55667784443909663 , 0.56518345808985126] , [0.14337068532735947 , 0.14447959795174362]
[0.55821612353049177 , 0.56672173776263302] , [0.14309058599540167 , 0.14419959820597644]
[0.55975624695545967 , 0.56826186176996452] , [0.14280946337544242 , 0.14391857503999819]
[0.56129819168711992 , 0.5698038070849587] , [0.14252731612751882 , 0.14363652711365943]
[0.56284193457863629 , 0.57134755056078701] , [0.14224414291060775 , 0.14335345308575265]
[0.5643874523629413 , 0.57289306893037717] , [0.14195994238262724 , 0.1430693516140096]
[0.56593472165242986 , 0.57444033880613277] , [0.14167471320043437 , 0.14278422135510271]
[0.56748371893868832 , 0.57598933667962082] , [0.14138845401982722 , 0.14249806096464168]
[0.56903442059216913 , 0.57754003892131256] , [0.14110116349554025 , 0.14221086909717739]
[0.57058680286193375 , 0.57909242178026166] , [0.14081284028124694 , 0.14192264440619631]
[0.57214084187533631 , 0.58064646138382436] , [0.14052348302955825 , 0.14163338554412341]
[0.57369651363773966 , 0.58220213373736451] , [0.14023309039202167 , 0.14134309116231997]
[0.57525379403222032 , 0.5837594147239602] , [0.13994166101912076 , 0.14105175991108337]
[0.57681265881927857 , 0.58531828010409725] , [0.13964919356027639 , 0.14075939043964589]
[0.57837308363652595 , 0.58687870551540289] , [0.13935568666384185 , 0.14046598139617641]
[0.57993504399841167 , 0.58844066647232485] , [0.13906113897710615 , 0.14017153142777675]
[0.58149851529591967 , 0.59000413836584076] , [0.13876554914629272 , 0.1398760391804828]
[0.5830634727962668 , 0.59156909646317302] , [0.13846891581655715 , 0.13957950329926375]
[0.5846298916426157 , 0.59313551590748004] , [0.13817123763198849 , 0.13928192242802104]
[0.58619774685376769 , 0.59470337171757226] , [0.13787251323560679 , 0.13898329520958863]
[0.58776701332388459 , 0.5962726387875924] , [0.13757274126936572 , 0.13868362028573031]
[0.58933766582215996 , 0.59784329188675078] , [0.13727192037414743 , 0.13838289629714301]
[0.59090967899255109 , 0.59941530565900092] , [0.13697004918976541 , 0.13808112188345209]
[0.59248302735346803 , 0.60098865462275031] , [0.13666712635496289 , 0.1377782956832129]
[0.59405768529747127 , 0.602563313170563] , [0.13636315050741199 , 0.13747441633390992]
[0.59563362709098333 , 0.60413925556885661] , [0.13605812028371336 , 0.13716948247195551]
[0.59721082687397298 , 0.60571645595761026] , [0.13575203431939495 , 0.1368634927326908]
[0.59878925865968147 , 0.60729488835004597] , [0.13544489124891382 , 0.13655644575038214]
[0.60036889633428447 , 0.6088745266323573] , [0.1351366897056514 , 0.13624834015822512]
[0.60194971365662686 , 0.61045534456338169] , [0.1348274283219168 , 0.13593917458833943]
[0.60353168425790304 , 0.61203731577431475] , [0.13451710572894374 , 0.13562894767177044]
[0.60511478164135735 , 0.6136204137684016] , [0.13420572055689134 , 0.1353176580384888]
[0.60669897918198301 , 0.61520461192064024] , [0.13389327143484234 , 0.13500530431738911]
[0.60828425012623089 , 0.61678988347746355] , [0.13357975699080479 , 0.13469188513628813]
[0.60987056759167557 , 0.618376201556465] , [0.13326517585170794 , 0.13437739912192875]
[0.61145790456674731 , 0.61996353914606883] , [0.13294952664340429 , 0.1340618448999735]
[0.77162949448438256 , 0.78013519615287497] , [0.095319299822219608 , 0.096440464877760645]
[0.7731539156171866 , 0.78165961799964745] , [0.094887290042773145 , 0.096008534954245522]
[0.77467582328859197 , 0.78318152638599281] , [0.094454064771927887 , 0.095575389380831308]
[0.7761951753150006 , 0.78470087912832376] , [0.094019622520145146 , 0.095141026667779058]
[0.77771192934940492 , 0.78621763387961396] , [0.093583961796746121 , 0.094705445324205897]
[0.77922604288100639 , 0.78773174812908187] , [0.093147081109907076 , 0.094268643858088502]
[0.7807374732348944 , 0.78924317920181275] , [0.092708978966662137 , 0.093830620776258519]
[0.78224617757168369 , 0.79075188425841625] , [0.092269653872901411 , 0.093391374584403358]
[0.78375211288715851 , 0.79225782029468328] , [0.091829104333369979 , 0.092950903787066733]
[0.78525523601193026 , 0.79376094414122] , [0.091387328851668503 , 0.092509206887646314]
[0.78675550361107616 , 0.79526121246311332] , [0.090944325930250272 , 0.09206628238839433]
[0.78825287218380391 , 0.7967585817595485] , [0.090500094070425058 , 0.091622128790414939]
[0.78974729806306465 , 0.79825300836350077] , [0.090054631772352164 , 0.091176744593667924]
[0.79123873741523831 , 0.79974444844133963] , [0.08960793753504509 , 0.090730128296962739]
[0.79272714623975638 , 0.80123285799249788] , [0.089160009856368516 , 0.09028227839796113]
[0.79421248036875269 , 0.80271819284910872] , [0.088710847233038362 , 0.089833193393175997]
[0.79569469546671079 , 0.80420040867565612] , [0.088260448160620439 , 0.089382871777969983]
[0.79717374703010213 , 0.80567946096861853] , [0.087808811133530021 , 0.088931312046556035]
[0.79864959038704764 , 0.80715530505609701] , [0.087355934645033648 , 0.088478512691994568]
[0.80012218069692898 , 0.80862789609749475] , [0.08690181718724331 , 0.088024472206196844]
[0.80159147295006816 , 0.81009718908312089] , [0.086446457251120976 , 0.087569189079919493]
[0.80305742196734464 , 0.81156313883386144] , [0.085989853326474741 , 0.08711266180276768]
[0.80451998239984912 , 0.8130257000008061] , [0.085532003901959669 , 0.08665488886319235]
[0.80597910872852585 , 0.814484827064896] , [0.085072907465076814 , 0.086195868748490195]
[0.80743475526380581 , 0.81594047433656491] , [0.084612562502172348 , 0.085735599944803426]
[0.80888687614525479 , 0.81739259595538194] , [0.084150967498436785 , 0.085274080937118774]
[0.81033542534121894 , 0.8188411458896786] , [0.08368812093790623 , 0.084811310209265939]
[0.81178035664844217 , 0.82028607793621566] , [0.083224021303458171 , 0.0843472862439201]
[0.81322162369173534 , 0.82172734571979567] , [0.082758667076813952 , 0.08388200752259678]
[0.81465917992359416 , 0.82316490269291809] , [0.082292056738536637 , 0.083415472525654746]
[0.81609297862384911 , 0.82459870213540909] , [0.081824188768031172 , 0.082947679732293444]
[0.8175229728992941 , 0.82602869715406779] , [0.081355061643542795 , 0.082478627620553732]
[0.81894911568333206 , 0.82745484068229891] , [0.080884673842157098 , 0.082008314667316215]
[0.82037135973561748 , 0.82887708547974082] , [0.080413023839800576 , 0.0815367393482999]
[0.82178965764166811 , 0.83029538413192872] , [0.079940110111236459 , 0.08106390013806497]
[0.82320396181253053 , 0.83170968904990361] , [0.079465931130067599 , 0.080589795510007903]
[0.82461422448440158 , 0.83311995246986048] , [0.078990485368734376 , 0.080114423936363185]
[0.82602039771826286 , 0.83452612645278434] , [0.078513771298513793 , 0.079637783888202363]
[0.82742243339952193 , 0.83592816288408001] , [0.07803578738951969 , 0.079159873835433048]
[0.82882028323763879 , 0.83732601347321389] , [0.077556532110700821 , 0.078680692246798689]
[0.830213898765775 , 0.83871962975333114] , [0.077076003929842887 , 0.078200237589876612]
[0.83160323134040071 , 0.84010896308091676] , [0.076594201313564078 , 0.077718508331080682]
[0.83298823214095263 , 0.8414939646354056] , [0.076111122727317154 , 0.077235502935656869]
[0.83436885216945822 , 0.84287458541882065] , [0.075626766635388212 , 0.076751219867684226]
[0.83574504225016233 , 0.8442507762554109] , [0.075141131500895547 , 0.07626565759007474]
[0.83711675302916677 , 0.84562248779127569] , [0.074654215785789693 , 0.075778814564571861]
[0.83848393497405382 , 0.84698967049400431] , [0.074166017950851662 , 0.075290689251750448]
[0.83984653837353174 , 0.84835227465228691] , [0.073676536455695052 , 0.074801280111014751]
[0.84120451333703805 , 0.8497102503755779] , [0.073185769758761163 , 0.074310585600600956]
[0.84255780979439521 , 0.85106354759369551] , [0.072693716317321633 , 0.073818604177572883]
[0.84390637749542963 , 0.85241211605646428] , [0.072200374587476829 , 0.073325334297823008]
[0.84525016600959801 , 0.85375590533334356] , [0.071705743024154944 , 0.072830774416072427]
[0.84658912472562198 , 0.85509486481305041] , [0.071209820081111791 , 0.072334922985868522]
[0.84792320285110478 , 0.85642894370319989] , [0.070712604210929036 , 0.071837778459586679]
[0.84925234941218186 , 0.85775809102990463] , [0.070214093865016869 , 0.071339339288426104]
[0.85057651325311157 , 0.85908225563744289] , [0.06971428749360814 , 0.070839603922414104]
[0.8518956430359349 , 0.86040138618785045] , [0.069213183545761961 , 0.070338570810400777]
[0.85320968724008572 , 0.86171543116056015] , [0.068710780469361341 , 0.069836238400060771]
[0.85451859416201881 , 0.86302433885202745] , [0.068207076711112896 , 0.069332605137892245]
[0.85582231191483549 , 0.86432805737535201] , [0.0677020707165462 , 0.068827669469215785]
[0.85712078842790251 , 0.86562653465991013] , [0.06719576093001213 , 0.06832142983817488]
[0.858413971446497 , 0.86691971845095561] , [0.066688145794685683 , 0.067813884687732542]
[0.859701808531391 , 0.86820755630928315] , [0.066179223752559899 , 0.067305032459675715]
[0.86098424705851406 , 0.8694899956108133] , [0.065668993244449803 , 0.066794871594609145]
[0.86226123421855394 , 0.87076698354623638] , [0.065157452709989211 , 0.066283400531957692]
[0.86353271701658552 , 0.87203846712062516] , [0.064644600587631773 , 0.065770617709965284]
[0.86479864227169034 , 0.87330439315306252] , [0.064130435314648918 , 0.06525652156569399]
[0.8660589566165755 , 0.87456470827626187] , [0.063614955327129394 , 0.064741110535023697]
[0.86731360649721079 , 0.87581935893617213] , [0.063098159059981188 , 0.064224383052649894]
[0.86856253817241358 , 0.87706829139163289] , [0.062580044946925734 , 0.063706337552086975]
[0.86980569771350724 , 0.87831145171395808] , [0.062060611420502204 , 0.063186972465662822]
[0.87104303100391645 , 0.8795487857865748] , [0.061539856912064053 , 0.062666286224521014]
[0.87227448373879601 , 0.88078023930463623] , [0.061017779851779655 , 0.062144277258619367]
[0.87350000142464446 , 0.88200575777464107] , [0.060494378668631096 , 0.061620943996729571]
[0.8747195293789245 , 0.88322528651405119] , [0.059969651790413386 , 0.061096284866435931]
[0.87593301272967361 , 0.88443877065091436] , [0.05944359764373363 , 0.060570298294136224]
[0.87714039641514352 , 0.88564615512345801] , [0.058916214654013171 , 0.060042982705037676]
[0.87834162518337566 , 0.88684738467974655] , [0.05838750124548147 , 0.059514336523161855]
[0.87953664359185779 , 0.88804240387725908] , [0.057857455841180232 , 0.058984358171338305]
[0.88072539600711719 , 0.88923115708252431] , [0.057326076862960818 , 0.058453046071207181]
[0.88190782660434131 , 0.89041358847072949] , [0.05679336273148386 , 0.057920398643217824]
[0.88308387936699329 , 0.89158964202533586] , [0.056259311866218471 , 0.057386414306627595]
[0.88425349808641873 , 0.89275926153769836] , [0.055723922685441324 , 0.056851091479502763]
[0.88541662636147911 , 0.89392239060665801] , [0.055187193606238256 , 0.056314428578714722]
[0.88657320759813119 , 0.89507897263818947] , [0.054649123044499474 , 0.055776424019944169]
[0.88772318500907088 , 0.89622895084498388] , [0.054109709414922352 , 0.055237076217675811]
[0.88886650161333058 , 0.89737226824607363] , [0.053568951131009325 , 0.054696383585199952]
[0.89000310023589346 , 0.898508867666441] , [0.053026846605067735 , 0.054154344534611501]
[0.89113292350730389 , 0.89963869173663036] , [0.05248339424820881 , 0.053610957476809315]
[0.89225591386327563 , 0.90076168289236169] , [0.051938592470346649 , 0.053066220821495771]
[0.89337201354431528 , 0.90187778337412505] , [0.051392439680199901 , 0.052520132977174658]
[0.89448116459530491 , 0.90298693522681817] , [0.050844934285287337 , 0.051972692351154003]
[0.89558330886513793 , 0.90408908029933077] , [0.050296074691929801 , 0.05142389734954126]
[0.89667838800631661 , 0.90518416024416237] , [0.04974585930524926 , 0.050873746377244899]
[0.8977663434745573 , 0.90627211651703232] , [0.049194286529167228 , 0.050322237837973731]
[0.89884711652840499 , 0.90735289037648248] , [0.048641354766405298 , 0.049769370134235519]
[0.89992064822883044 , 0.9084264228834934] , [0.048087062418482582 , 0.049215141667337307]
[0.90098687943885947 , 0.90949265490106779] , [0.04753140788571919 , 0.048659550837382395]
[0.90204575082313954 , 0.9105515270938771] , [0.046974389567229262 , 0.048102596043274527]
[0.90309720284758599 , 0.9116029799278258] , [0.046416005860926098 , 0.047544275682711641]
